1 5 20002 5 2

6 5 0 1 3

1 20004 0 2 0 0 0 15 -1 0

31006 1 0
31006 1 0
31006 1 0
31006 1 0
31006 1 0
31006 1 0
30006 1 1
0 0 0
0 0 0
0 0 0
0 0 0
0 0 0
0 0 0

0 20004 0 2 0 0 0 17 -1 0

0 0 0
0 0 0
0 0 0
0 0 0
0 0 0
0 0 0
0 0 0
30006 0 1
31006 0 0
31006 0 0
31006 0 0
31006 0 0
31006 0 0

1 20002 0 0 0 0 0 0 -1 0

0 0 0
0 0 0
41003 0 0
0 0 0
41003 0 0
0 0 0
0 0 0
0 0 0
0 0 0
40002 0 0
0 0 0
0 0 0
41003 0 0

0 20001 0 4 1 -30002 0 2 10 25

0 0 0
0 0 0
0 0 0
0 0 0
30001 0 0
30007 0 1
31007 0 0
30001 0 0
30002 0 0
0 0 0
0 0 0
30002 0 0
30002 0 0

0 20001 3 5 0 -30007 0 3 -1 0

0 0 0
0 0 0
30001 0 0
30001 0 0
30001 0 0
0 0 0
0 0 0
0 0 0
30007 0 1
31007 0 0
0 0 0
30007 0 1
31007 0 0

1 20002 0 0 0 0 0 0 -1 0

41003 0 0
0 0 0
40003 0 0
0 0 0
0 0 0
0 0 0
0 0 0
0 0 0
0 0 0
0 0 0
40003 0 0
0 0 0
41003 0 0

1 20002 0 0 0 0 0 0 -1 0

40003 0 0
41003 0 0
0 0 0
41003 0 0
0 0 0
0 0 0
0 0 0
0 0 0
0 0 0
41003 0 0
0 0 0
41003 0 0
40003 0 0

1 20003 0 2 0 0 0 2 -1 0

0 0 0
30005 1 0
30005 1 0
0 0 0
0 0 0
0 0 0
0 0 0
0 0 0
0 0 0
0 0 0
30004 1 0
0 0 0
0 0 0

